layout_spectrum: 0
color:
  saturation: 0.6026489
  lightness: 0.3480657
  brandStrength: 0.8123533
  rhythmicContrast: 0.7586614
typography_spectrum: 0.4330328
name: Studio MO
